0
0
6
6
6
7
10
10
11
11
14
14
14
15
15
15
16
16
16
16
18
18
20
20
20
20
20
25
25
25
25
25
25
25
25
26
26
26
26
26
27
27
28
28
28
28
30
30
30
33
33
34
34
34
34
34
34
35
35
39
39
41
41
41
44
44
44
45
45
48
48
48
49
49
49
49
51
51
53
53
54
54
57
57
62
62
64
64
64
71
71
72
72
73
73
73
75
75
76
76
78
78
78
78
78
78
78
78
78
82
82
83
83
83
83
83
83
83
83
83
86
86
87
87
87
91
91
92
92
93
93
93
93
93
93
93
95
95
97
97
97
98
98
98
98
98
98
99
99
99
101
101
101
101
101
102
102
102
102
102
102
102
102
102
102
104
104
105
105
107
107
107
107
112
112
118
118
118
118
118
121
121
121
124
124
124
124
127
127
127
130
130
132
132
132
132
134
134
134
134
134
134
134
134
137
137
137
138
138
138
139
139
139
143
143
143
143
143
143
143
143
144
144
144
145
145
145
146
146
147
147
147
147
147
150
150
154
154
158
158
158
158
158
158
160
160
160
166
166
168
168
168
170
170
171
171
172
172
174
174
175
175
175
176
176
176
180
180
180
181
181
183
183
185
185
185
186
186
186
186
186
186
186
186
186
186
186
186
186
189
189
190
190
191
191
192
192
192
192
192
192
192
192
192
192
192
192
192
195
195
198
198
200
200
200
200
201
201
202
202
202
202
203
203
208
208
210
210
211
211
211
211
213
213
213
214
214
216
216
221
221
221
222
222
223
223
223
223
223
223
223
223
223
223
225
225
225
225
226
226
228
228
230
230
234
234
234
234
238
238
240
240
241
241
243
243
243
243
243
245
245
246
246
249
249
249
249
249
249
251
251
254
254
255
255
255
255
255
255
259
259
259
260
260
260
260
260
260
262
262
264
264
265
265
269
269
269
274
274
277
277
279
279
279
282
282
283
283
283
284
284
284
284
285
285
285
285
285
285
285
285
285
285
285
285
291
291
292
292
293
293
293
295
295
295
295
295
295
295
295
295
295
297
297
298
298
298
302
302
304
304
305
305
306
306
306
307
307
307
309
309
309
310
310
311
311
311
312
312
313
313
313
313
313
315
315
315
315
315
319
319
320
320
320
322
322
323
323
326
326
330
330
330
331
331
331
334
334
335
335
337
337
338
338
338
339
339
339
340
340
340
341
341
341
341
341
341
341
343
343
343
343
343
343
343
343
344
344
344
346
346
348
348
348
352
352
352
352
359
359
359
359
360
360
363
363
365
365
366
366
368
368
368
368
369
369
369
370
370
370
370
370
372
372
372
372
372
372
373
373
375
375
375
375
375
375
375
375
375
379
379
379
379
379
379
379
380
380
383
383
385
385
385
385
387
387
387
387
387
387
387
387
388
388
389
389
389
389
389
389
389
389
389
389
389
389
389
389
389
389
389
389
391
391
391
392
392
395
395
395
396
396
396
396
398
398
402
402
403
403
403
404
404
408
408
409
409
409
409
412
412
413
413
414
414
414
414
414
416
416
419
419
419
420
420
420
423
423
425
425
426
426
426
436
436
437
437
438
438
438
439
439
439
440
440
441
441
441
441
443
443
448
448
448
451
451
452
452
455
455
455
461
461
462
462
462
462
462
463
463
465
465
465
467
467
469
469
469
469
471
471
472
472
475
475
475
475
475
475
475
475
477
477
478
478
480
480
480
480
482
482
482
485
485
485
487
487
487
487
488
488
489
489
489
490
490
491
491
496
496
496
498
498
499
499
499
499
499
499
501
501
501
501
503
503
504
504
504
505
505
505
505
505
507
507
507
511
511
511
511
511
511
511
511
511
511
511
511
512
512
513
513
514
514
514
516
516
516
516
516
520
520
520
522
522
523
523
523
523
523
523
524
524
525
525
526
526
526
526
526
526
527
527
529
529
529
533
533
533
533
533
533
535
535
537
537
538
538
539
539
540
540
540
541
541
541
542
542
542
542
542
543
543
543
543
543
546
546
546
549
549
549
549
549
549
551
551
555
555
556
556
561
561
561
566
566
566
566
567
567
567
568
568
569
569
569
570
570
571
571
572
572
572
572
572
572
572
572
573
573
575
575
577
577
577
577
577
578
578
578
579
579
579
580
580
581
581
581
582
582
584
584
585
585
585
587
587
587
587
589
589
590
590
593
593
593
593
594
594
596
596
596
596
596
596
597
597
603
603
604
604
605
605
605
607
607
609
609
610
610
610
614
614
614
614
618
618
618
618
618
618
618
618
618
618
619
619
622
622
623
623
623
623
626
626
627
627
627
627
627
627
628
628
628
628
628
630
630
630
631
631
631
633
633
634
634
634
634
634
636
636
637
637
637
637
637
637
637
637
639
639
640
640
640
641
641
641
642
642
644
644
648
648
649
649
649
652
652
652
652
652
652
652
653
653
654
654
654
654
655
655
658
658
658
659
659
660
660
660
662
662
662
663
663
663
663
663
663
663
663
666
666
666
667
667
667
667
668
668
670
670
672
672
673
673
673
673
675
675
675
675
679
679
680
680
680
680
680
683
683
684
684
686
686
687
687
695
695
695
703
703
706
706
706
706
706
708
708
710
710
710
711
711
711
712
712
714
714
716
716
719
719
719
719
727
727
728
728
729
729
729
730
730
730
730
730
730
730
730
730
730
730
730
730
730
730
730
730
730
730
730
731
731
732
732
732
733
733
733
734
734
734
736
736
736
736
737
737
738
738
738
739
739
739
739
740
740
742
742
742
742
742
742
742
742
742
745
745
746
746
747
747
747
750
750
750
750
751
751
752
752
753
753
753
754
754
754
754
754
754
754
756
756
757
757
759
759
762
762
765
765
767
767
767
769
769
770
770
770
770
770
770
770
773
773
773
773
773
776
776
776
777
777
777
777
777
777
778
778
779
779
780
780
782
782
784
784
786
786
788
788
791
791
792
792
793
793
794
794
796
796
796
796
797
797
797
800
800
801
801
801
801
802
802
802
802
803
803
803
803
803
803
806
806
806
806
807
807
807
807
810
810
810
810
810
810
810
811
811
811
811
811
814
814
815
815
816
816
817
817
818
818
818
818
819
819
819
819
819
820
820
820
821
821
824
824
824
824
825
825
825
825
825
825
825
825
825
825
826
826
826
828
828
828
828
828
828
828
828
829
829
835
835
835
835
835
835
835
835
838
838
838
838
840
840
841
841
843
843
843
844
844
844
844
845
845
845
845
845
845
845
845
845
845
845
845
845
845
845
845
848
848
849
849
849
849
849
850
850
854
854
855
855
855
855
858
858
866
866
866
867
867
868
868
870
870
871
871
872
872
873
873
873
873
873
873
874
874
874
875
875
881
881
882
882
883
883
884
884
884
889
889
889
889
889
889
891
891
893
893
895
895
897
897
897
899
899
899
901
901
901
902
902
903
903
903
903
905
905
905
905
907
907
910
910
910
911
911
911
911
912
912
912
913
913
913
916
916
916
918
918
920
920
921
921
922
922
923
923
924
924
924
925
925
927
927
927
927
928
928
931
931
932
932
932
933
933
934
934
934
934
935
935
935
935
935
935
935
935
935
936
936
936
937
937
937
937
937
937
938
938
938
939
939
939
940
940
941
941
942
942
942
942
943
943
943
943
945
945
945
947
947
947
950
950
950
951
951
952
952
955
955
955
956
956
958
958
958
960
960
960
960
961
961
965
965
965
967
967
967
967
967
970
970
970
970
970
970
970
970
974
974
975
975
975
975
976
976
979
979
981
981
981
981
981
983
983
983
983
985
985
985
986
986
989
989
990
990
996
996
996
999
999
1001
1001
1006
1006
1007
1007
1007
1007
1007
1007
1007
1007
1007
1010
1010
1010
1010
1010
1010
1010
1010
1010
1010
1010
1015
1015
1015
1016
1016
1024
1024
1024
1024
1024
1024
1025
1025
1025
1025
1025
1025
1025
1025
1030
1030
1036
1036
1036
1037
1037
1037
1037
1038
1038
1041
1041
1042
1042
1045
1045
1045
1045
1046
1046
1047
1047
1048
1048
1048
1054
1054
1054
1054
1054
1055
1055
1055
1060
1060
1062
1062
1064
1064
1064
1068
1068
1068
1069
1069
1070
1070
1070
1070
1070
1070
1070
1070
1070
1070
1070
1070
1071
1071
1076
1076
1078
1078
1078
1079
1079
1080
1080
1080
1080
1080
1081
1081
1081
1082
1082
1084
1084
1084
1084
1084
1084
1086
1086
1087
1087
1089
1089
1090
1090
1091
1091
1091
1091
1091
1093
1093
1094
1094
1094
1094
1094
1094
1095
1095
1096
1096
1096
1098
1098
1098
1098
1099
1099
1111
1111
1111
1112
1112
1112
1112
1114
1114
1116
1116
1120
1120
1120
1120
1120
1120
1120
1120
1122
1122
1122
1122
1122
1122
1123
1123
1123
1123
1125
1125
1125
1125
1125
1126
1126
1128
1128
1131
1131
1133
1133
1133
1133
1134
1134
1134
1134
1135
1135
1137
1137
1145
1145
1148
1148
1149
1149
1149
1150
1150
1150
1157
1157
1157
1160
1160
1161
1161
1163
1163
1163
1163
1176
1176
1178
1178
1178
1180
1180
1182
1182
1182
1186
1186
1187
1187
1191
1191
1191
1191
1192
1192
1194
1194
1194
1195
1195
1197
1197
1197
1197
1197
1197
1197
1197
1197
1197
1198
1198
1199
1199
1199
1199
1200
1200
1202
1202
1202
1202
1202
1203
1203
1205
1205
1206
1206
1206
1206
1206
1206
1206
1207
1207
1207
1207
1207
1207
1207
1207
1207
1207
1207
1207
1208
1208
1209
1209
1210
1210
1210
1213
1213
1214
1214
1215
1215
1216
1216
1216
1216
1217
1217
1218
1218
1220
1220
1221
1221
1221
1221
1221
1222
1222
1222
1226
1226
1228
1228
1228
1228
1231
1231
1232
1232
1233
1233
1233
1233
1233
1233
1233
1233
1234
1234
1234
1235
1235
1235
1236
1236
1236
1241
1241
1241
1241
1241
1241
1242
1242
1245
1245
1245
1246
1246
1246
1247
1247
1247
1247
1248
1248
1248
1248
1248
1248
1248
1248
1248
1248
1248
1248
1248
1248
1248
1248
1248
1251
1251
1251
1251
1251
1253
1253
1254
1254
1254
1254
1255
1255
1256
1256
1256
1257
1257
1259
1259
1259
1262
1262
1262
1264
1264
1265
1265
1266
1266
1266
1266
1268
1268
1271
1271
1272
1272
1272
1272
1276
1276
1276
1276
1279
1279
1279
1280
1280
1280
1280
1281
1281
1281
1281
1281
1285
1285
1285
1287
1287
1289
1289
1292
1292
1293
1293
1293
1295
1295
1295
1296
1296
1296
1296
1297
1297
1297
1297
1298
1298
1300
1300
1302
1302
1303
1303
1304
1304
1305
1305
1305
1307
1307
1308
1308
1308
1309
1309
1312
1312
1314
1314
1314
1314
1314
1317
1317
1319
1319
1320
1320
1320
1320
1320
1321
1321
1324
1324
1325
1325
1325
1325
1325
1325
1326
1326
1326
1326
1326
1326
1330
1330
1331
1331
1331
1334
1334
1334
1334
1335
1335
1341
1341
1342
1342
1344
1344
1344
1344
1344
1344
1344
1344
1344
1344
1346
1346
1346
1346
1346
1346
1346
1346
1349
1349
1349
1350
1350
1351
1351
1352
1352
1353
1353
1353
1353
1353
1353
1353
1353
1353
1358
1358
1359
1359
1362
1362
1362
1362
1362
1365
1365
1365
1365
1365
1366
1366
1366
1366
1370
1370
1373
1373
1374
1374
1374
1374
1374
1374
1375
1375
1375
1376
1376
1377
1377
1379
1379
1380
1380
1381
1381
1382
1382
1388
1388
1390
1390
1391
1391
1391
1392
1392
1392
1392
1392
1397
1397
1397
1397
1397
1397
1397
1397
1398
1398
1399
1399
1399
1403
1403
1403
1403
1403
1403
1403
1403
1403
1403
1403
1403
1403
1403
1403
1403
1403
1404
1404
1404
1404
1405
1405
1407
1407
1407
1408
1408
1408
1409
1409
1410
1410
1410
1412
1412
1414
1414
1414
1414
1414
1414
1416
1416
1418
1418
1418
1418
1420
1420
1420
1420
1420
1420
1420
1422
1422
1423
1423
1423
1423
1423
1428
1428
1430
1430
1431
1431
1435
1435
1437
1437
1437
1440
1440
1441
1441
1441
1441
1443
1443
1443
1443
1443
1444
1444
1444
1444
1444
1445
1445
1445
1445
1445
1445
1445
1445
1445
1445
1446
1446
1446
1446
1448
1448
1449
1449
1450
1450
1451
1451
1458
1458
1458
1458
1458
1460
1460
1461
1461
1461
1467
1467
1467
1467
1467
1476
1476
1476
1476
1476
1476
1477
1477
1477
1477
1477
1483
1483
1487
1487
1487
1488
1488
1488
1491
1491
1491
1491
1491
1494
1494
1494
1496
1496
1501
1501
1502
1502
1502
1502
1502
1502
1502
1508
1508
1508
1508
1508
1508
1508
1508
1508
1508
1508
1508
1509
1509
1509
1509
1509
1509
1509
1509
1509
1509
1510
1510
1511
1511
1511
1511
1511
1511
1511
1511
1511
1511
1511
1511
1513
1513
1513
1516
1516
1521
1521
1521
1524
1524
1528
1528
1538
1538
1538
1538
1540
1540
1541
1541
1541
1541
1542
1542
1542
1543
1543
1544
1544
1544
1545
1545
1545
1545
1546
1546
1546
1546
1546
1546
1546
1547
1547
1547
1547
1551
1551
1551
1551
1556
1556
1556
1557
1557
1557
1557
1557
1557
1557
1557
1557
1557
1557
1557
1557
1557
1557
1557
1557
1557
1557
1557
1557
1557
1557
1557
1557
1557
1557
1557
1557
1557
1557
1557
1557
1557
1557
1557
1562
1562
1562
1563
1563
1563
1563
1567
1567
1567
1568
1568
1569
1569
1570
1570
1570
1570
1570
1570
1570
1570
1570
1570
1570
1570
1570
1570
1570
1570
1570
1570
1570
1570
1571
1571
1571
1571
1571
1572
1572
1574
1574
1575
1575
1575
1575
1577
1577
1577
1577
1577
1577
1577
1577
1578
1578
1579
1579
1580
1580
1580
1581
1581
1581
1581
1585
1585
1587
1587
1587
1588
1588
1588
1590
1590
1591
1591
1591
1591
1591
1591
1591
1591
1595
1595
1595
1595
1596
1596
1596
1596
1597
1597
1597
1599
1599
1600
1600
1601
1601
1601
1601
1604
1604
1604
1604
1604
1604
1604
1604
1604
1605
1605
1605
1606
1606
1606
1606
1607
1607
1609
1609
1610
1610
1610
1614
1614
1614
1614
1614
1614
1614
1616
1616
1616
1618
1618
1619
1619
1619
1619
1619
1627
1627
1629
1629
1631
1631
1633
1633
1633
1633
1633
1633
1633
1633
1633
1633
1634
1634
1634
1634
1634
1634
1634
1634
1638
1638
1638
1638
1639
1639
1640
1640
1640
1640
1642
1642
1643
1643
1643
1645
1645
1645
1647
1647
1647
1648
1648
1649
1649
1649
1649
1650
1650
1652
1652
1652
1653
1653
1653
1653
1653
1655
1655
1657
1657
1657
1657
1661
1661
1662
1662
1662
1662
1662
1662
1662
1664
1664
1664
1664
1664
1664
1665
1665
1666
1666
1670
1670
1671
1671
1671
1672
1672
1674
1674
1674
1675
1675
1676
1676
1677
1677
1677
1677
1678
1678
1681
1681
1683
1683
1684
1684
1684
1686
1686
1690
1690
1691
1691
1692
1692
1693
1693
1697
1697
1700
1700
1700
1700
1701
1701
1701
1702
1702
1703
1703
1707
1707
1708
1708
1708
1710
1710
1710
1711
1711
1713
1713
1713
1714
1714
1715
1715
1715
1717
1717
1717
1718
1718
1718
1720
1720
1721
1721
1721
1721
1721
1721
1721
1721
1723
1723
1723
1723
1723
1724
1724
1726
1726
1729
1729
1730
1730
1730
1730
1730
1733
1733
1733
1733
1733
1733
1734
1734
1734
1734
1734
1735
1735
1736
1736
1736
1738
1738
1740
1740
1741
1741
1741
1741
1741
1747
1747
1747
1747
1751
1751
1752
1752
1752
1752
1753
1753
1755
1755
1755
1755
1755
1755
1755
1755
1758
1758
1758
1758
1758
1760
1760
1760
1764
1764
1764
1764
1765
1765
1765
1765
1765
1766
1766
1766
1766
1767
1767
1768
1768
1768
1768
1771
1771
1771
1773
1773
1773
1773
1773
1773
1773
1773
1773
1773
1773
1773
1773
1773
1773
1773
1773
1773
1773
1773
1773
1773
1773
1773
1773
1773
1773
1773
1773
1773
1773
1773
1773
1773
1773
1773
1773
1773
1773
1773
1773
1773
1773
1773
1773
1773
1773
1773
1773
1773
1773
1775
1775
1776
1776
1776
1776
1776
1776
1776
1778
1778
1781
1781
1782
1782
1782
1782
1782
1784
1787
1787
1788
1788
1790
1790
1790
1790
1792
1792
1792
1793
1793
1795
1795
1796
1796
1796
1796
1796
1796
1796
1796
1796
1797
1797
1798
1798
1799
1799
1800
1800
1800
1800
1800
1800
1800
1800
1800
1800
1800
1800
1800
1800
1800
1800
1800
1800
1800
1800
1800
1800
1800
1800
1800
1800
1800
1800
1800
1800
1800
1800
1800
1800
1800
1800
1800
1801
1801
1801
1802
1802
1803
1803
1803
1813
1813
1813
1813
1813
1814
1814
1815
1815
1818
1818
1818
1822
1822
1822
1823
1823
1824
1824
1824
1824
1824
1824
1824
1826
1826
1826
1826
1826
1826
1826
1826
1827
1827
1827
1827
1827
1827
1828
1828
1828
1829
1829
1831
1831
1831
1831
1832
1832
1833
1833
1833
1837
1837
1839
1839
1839
1839
1840
1840
1840
1840
1841
1841
1843
1843
1844
1844
1847
1847
1847
1847
1847
1847
1847
1850
1850
1850
1850
1851
1851
1851
1851
1851
1851
1851
1851
1852
1852
1852
1858
1858
1858
1858
1858
1864
1864
1867
1867
1867
1870
1870
1872
1872
1877
1877
1880
1880
1880
1880
1880
1880
1880
1880
1883
1883
1891
1891
1891
1891
1892
1892
1894
1894
1894
1894
1896
1896
1897
1897
1897
1897
1901
1901
1903
1903
1904
1904
1904
1904
1907
1907
1908
1908
1908
1908
1910
1910
1911
1911
1913
1913
1914
1914
1915
1915
1916
1916
1917
1917
1918
1918
1918
1918
1918
1918
1918
1918
1918
1918
1918
1918
1920
1920
1922
1922
1923
1923
1926
1926
1927
1927
1928
1928
1932
1932
1932
1932
1933
1933
1933
1934
1934
1935
1935
1940
1940
1942
1942
1942
1942
1944
1944
1945
1945
1945
1945
1945
1946
1946
1947
1947
1947
1950
1950
1952
1952
1953
1953
1956
1956
1957
1957
1961
1961
1961
1961
1961
1962
1962
1964
1964
1968
1968
1968
1968
1968
1969
1969
1970
1970
1971
1971
1972
1972
1972
1972
1975
1975
1975
1978
1978
1978
1978
1980
1980
1980
1980
1980
1981
1981
1981
1981
1981
1982
1982
1982
1982
1984
1984
1984
1985
1985
1986
1986
1988
1988
1988
1988
1991
1991
1991
1992
1992
1992
1996
1996
1996
1997
1997
1997
1997
1997
1997
1997
1998
1998
1999
1999
2001
2001
2001
2002
2002
2003
2003
2003
2003
2004
2004
2005
2005
2005
2005
2005
2005
2005
2005
2005
2005
2012
2012
2013
2013
2013
2013
2014
2014
2014
2014
2014
2014
2020
2020
2021
2021
2023
2023
2025
2025
2027
2027
2029
2029
2030
2030
2030
2032
2032
2033
2033
2033
2034
2034
2034
2034
2034
2037
2037
2037
2037
2037
2037
2037
2037
2037
2037
2037
2037
2038
2038
2041
2041
2042
2042
2043
2043
2044
2044
2044
2044
2044
2045
2045
2046
2046
2046
2048
2048
2048
2048
2055
2055
2055
2055
2055
2056
2056
2056
2056
2059
2059
2059
2059
2059
2062
2062
2062
2065
2065
2065
2066
2066
2066
2070
2070
2072
2072
2072
2072
2074
2074
2074
2074
2075
2075
2075
2075
2077
2078
2078
2078
2078
2080
2080
2082
2082
2082
2086
2086
2086
2086
2087
2087
2087
2092
2092
2093
2093
2093
2093
2094
2094
2095
2095
2095
2097
2097
2103
2103
2103
2103
2103
2105
2105
2108
2108
2110
2110
2111
2111
2111
2111
2111
2111
2111
2111
2113
2113
2113
2114
2114
2114
2115
2115
2115
2120
2120
2120
2120
2120
2120
2120
2120
2120
2120
2120
2120
2120
2120
2120
2120
2120
2120
2120
2120
2120
2120
2120
2120
2120
2120
2120
2120
2120
2120
2120
2120
2120
2120
2120
2120
2120
2120
2120
2120
2120
2120
2120
2120
2120
2122
2122
2123
2123
2123
2123
2123
2124
2124
2125
2125
2126
2126
2127
2127
2127
2128
2128
2130
2130
2130
2130
2130
2131
2131
2133
2133
2134
2134
2134
2135
2135
2137
2137
2139
2139
2140
2140
2146
2146
2149
2149
2151
2151
2153
2153
2153
2153
2154
2154
2155
2155
2155
2155
2155
2157
2157
2158
2158
2159
2159
2160
2160
2161
2161
2161
2161
2161
2161
2161
2161
2161
2161
2161
2161
2161
2161
2161
2161
2161
2161
2161
2161
2161
2161
2161
2161
2161
2161
2161
2161
2161
2161
2161
2161
2161
2161
2161
2161
2161
2161
2161
2161
2161
2161
2161
2161
2161
2161
2161
2161
2161
2161
2161
2161
2161
2161
2161
2161
2161
2161
2161
2161
2161
2161
2161
2161
2162
2162
2162
2162
2162
2162
2162
2162
2165
2165
2165
2166
2166
2166
2169
2169
2171
2171
2173
2173
2174
2174
2175
2175
2175
2176
2176
2176
2176
2176
2176
2178
2178
2178
2179
2179
2180
2180
2181
2181
2184
2184
2184
2187
2187
2189
2189
2189
2192
2192
2193
2193
2194
2194
2194
2194
2195
2195
2196
2196
2196
2196
2196
2198
2198
2198
2198
2200
2200
2200
2200
2200
2200
2200
2200
2200
2200
2200
2200
2200
2200
2200
2200
2200
2200
2200
2200
2200
2200
2200
2200
2200
2200
2200
2200
2200
2200
2200
2200
2200
2200
2200
2200
2200
2200
2200
2200
2200
2200
2200
2200
2200
2200
2200
2200
2200
2200
2200
2200
2200
2200
2200
2200
2200
2200
2200
2200
2200
2201
2201
2201
2202
2202
2202
2202
2207
2207
2207
2210
2210
2212
2212
2213
2213
2214
2214
2214
2214
2217
2217
2219
2219
2219
2219
2219
2219
2220
2220
2220
2222
2222
2222
2222
2222
2222
2224
2224
2224
2224
2225
2225
2226
2226
2226
2232
2232
2232
2232
2232
2232
2232
2232
2233
2233
2233
2233
2233
2233
2233
2234
2234
2237
2237
2243
2243
2243
2244
2244
2246
2246
2246
2248
2248
2248
2248
2248
2248
2248
2248
2248
2248
2248
2248
2248
2248
2248
2248
2248
2249
2249
2250
2250
2250
2252
2252
2252
2253
2253
2254
2254
2254
2254
2255
2255
2255
2255
2255
2255
2255
2256
2256
2256
2256
2257
2257
2258
2258
2258
2258
2262
2262
2262
2262
2262
2263
2263
2264
2264
2265
2265
2265
2267
2267
2267
2268
2268
2269
2269
2273
2273
2274
2274
2275
2275
2275
2278
2278
2278
2278
2278
2279
2279
2280
2280
2285
2285
2286
2286
2286
2286
2286
2286
2287
2287
2288
2288
2291
2291
2294
2294
2294
2294
2294
2295
2295
2295
2300
2300
2300
2300
2301
2301
2302
2302
2306
2306
2307
2307
2307
2307
2310
2310
2310
2310
2312
2312
2315
2315
2317
2317
2318
2318
2318
2320
2320
2322
2322
2323
2323
2329
2329
2330
2330
2330
2330
2330
2330
2332
2332
2332
2332
2332
2334
2334
2334
2334
2335
2335
2335
2336
2336
2342
2342
2342
2342
2342
2349
2349
2352
2352
2352
2352
2352
2352
2352
2352
2353
2353
2358
2358
2358
2358
2358
2358
2358
2358
2358
2358
2358
2359
2359
2365
2365
2367
2367
2369
2369
2370
2370
2370
2371
2371
2371
2372
2372
2372
2373
2373
2376
2376
2377
2377
2377
2377
2381
2381
2382
2382
2382
2382
2382
2385
2385
2386
2386
2389
2389
2390
2390
2390
2390
2392
2392
2393
2393
2393
2393
2393
2394
2394
2395
2395
2395
2396
2396
2396
2396
2396
2396
2396
2396
2397
2397
2402
2402
2402
2402
2403
2403
2405
2405
2405
2407
2407
2407
2407
2410
2410
2410
2410
2410
2410
2411
2411
2411
2411
2412
2412
2412
2414
2414
2414
2414
2414
2414
2414
2414
2414
2414
2414
2414
2414
2414
2414
2414
2414
2414
2414
2414
2414
2414
2414
2414
2415
2415
2416
2416
2417
2417
2422
2422
2422
2422
2424
2424
2426
2426
2427
2427
2429
2429
2429
2429
2429
2429
2433
2433
2433
2435
2435
2436
2436
2437
2437
2438
2438
2438
2438
2438
2438
2439
2439
2441
2441
2443
2443
2446
2446
2446
2446
2447
2447
2449
2449
2450
2450
2453
2453
2453
2454
2454
2454
2454
2455
2455
2459
2459
2459
2459
2459
2461
2461
2462
2462
2463
2463
2464
2464
2464
2464
2464
2464
2464
2465
2465
2465
2465
2466
2466
2467
2467
2467
2468
2468
2468
2468
2468
2468
2469
2469
2469
2469
2469
2471
2471
2471
2471
2474
2474
2475
2475
2476
2476
2477
2477
2477
2477
2477
2477
2478
2478
2478
2478
2479
2479
2481
2481
2483
2483
2487
2487
2487
2487
2487
2489
2489
2489
2491
2491
2491
2491
2491
2491
2491
2491
2492
2492
2492
2492
2492
2492
2492
2492
2492
2492
2492
2492
2493
2493
2493
2494
2494
2496
2496
2498
2498
2500
2500
2500
2502
2502
2502
2502
2502
2502
2502
2502
2502
2502
2502
2503
2503
2503
2510
2510
2511
2511
2511
2511
2513
2513
2513
2514
2514
2514
2514
2516
2516
2516
2516
2516
2519
2519
2519
2521
2521
2524
2524
2524
2525
2525
2526
2526
2526
2528
2528
2528
2528
2529
2529
2529
2529
2529
2530
2530
2530
2531
2531
2532
2532
2532
2533
2533
2534
2534
2534
2535
2535
2535
2535
2537
2537
2541
2541
2541
2541
2543
2543
2546
2546
2546
2546
2548
2548
2548
2548
2548
2548
2552
2552
2552
2552
2552
2557
2557
2557
2557
2557
2558
2558
2558
2558
2558
2561
2561
2564
2564
2564
2564
2564
2564
2566
2566
2567
2567
2569
2569
2573
2573
2573
2573
2573
2577
2577
2579
2579
2580
2580
2580
2580
2580
2580
2580
2580
2580
2580
2584
2584
2584
2584
2584
2584
2585
2585
2585
2585
2586
2586
2586
2595
2595
2596
2596
2597
2597
2597
2597
2598
2598
2598
2598
2600
2600
2600
2601
2601
2604
2604
2604
2605
2605
2605
2606
2606
2606
2607
2607
2607
2607
2607
2607
2607
2607
2607
2607
2608
2608
2609
2609
2609
2610
2610
2611
2611
2613
2613
2616
2616
2616
2616
2616
2620
2620
2620
2622
2622
2626
2626
2627
2627
2627
2628
2628
2630
2630
2630
2630
2630
2630
2631
2631
2632
2632
2633
2633
2633
2633
2634
2634
2635
2635
2637
2637
2637
2637
2637
2637
2637
2637
2637
2637
2637
2637
2637
2637
2637
2637
2639
2639
2641
2641
2642
2642
2642
2644
2644
2645
2645
2645
2646
2646
2648
2648
2649
2649
2650
2650
2650
2651
2651
2651
2652
2652
2659
2659
2659
2659
2661
2661
2661
2661
2663
2663
2664
2664
2665
2665
2666
2666
2672
2672
2673
2673
2673
2675
2675
2679
2679
2679
2682
2682
2684
2684
2684
2685
2685
2687
2687
2687
2687
2687
2687
2689
2689
2690
2690
2690
2690
2690
2690
2690
2690
2690
2690
2690
2690
2690
2690
2690
2690
2691
2691
2691
2691
2691
2691
2692
2692
2692
2692
2692
2692
2693
2693
2696
2696
2696
2696
2697
2697
2699
2699
2704
2704
2704
2705
2705
2705
2712
2712
2712
2714
2714
2715
2715
2716
2716
2716
2717
2717
2717
2718
2718
2719
2719
2719
2719
2719
2721
2721
2722
2722
2722
2722
2724
2724
2724
2724
2724
2724
2724
2724
2725
2725
2728
2728
2731
2731
2731
2731
2731
2731
2735
2735
2735
2735
2735
2737
2737
2738
2738
2739
2739
2739
2739
2744
2744
2744
2745
2745
2746
2746
2746
2746
2747
2747
2748
2748
2748
2749
2749
2750
2750
2750
2750
2751
2751
2751
2752
2752
2752
2756
2756
2758
2759
2759
2759
2759
2759
2759
2762
2762
2762
2762
2770
2770
2770
2770
2770
2770
2772
2772
2774
2774
2775
2775
2775
2777
2777
2781
2781
2782
2782
2784
2784
2784
2785
2785
2786
2786
2787
2787
2788
2788
2788
2788
2788
2788
2789
2789
2793
2793
2795
2795
2795
2795
2798
2798
2798
2798
2799
2799
2799
2800
2800
2801
2801
2805
2805
2808
2808
2808
2808
2808
2809
2809
2809
2809
2810
2810
2811
2811
2812
2812
2812
2812
2814
2814
2814
2814
2817
2817
2822
2822
2822
2822
2823
2823
2823
2823
2823
2826
2826
2833
2833
2835
2835
2838
2838
2842
2842
2843
2843
2847
2847
2847
2847
2847
2847
2847
2848
2848
2849
2849
2850
2850
2850
2851
2851
2851
2851
2852
2852
2852
2852
2852
2854
2854
2854
2854
2854
2857
2857
2858
2858
2859
2859
2864
2864
2864
2865
2865
2865
2865
2865
2865
2865
2865
2865
2865
2865
2865
2867
2867
2867
2870
2870
2873
2873
2873
2873
2873
2876
2876
2877
2877
2878
2878
2879
2879
2879
2880
2880
2881
2881
2881
2881
2889
2889
2889
2889
2890
2890
2891
2891
2892
2892
2895
2895
2895
2899
2899
2903
2903
2904
2904
2904
2904
2904
2904
2904
2904
2904
2905
2905
2905
2905
2905
2905
2906
2906
2907
2907
2908
2908
2913
2913
2913
2914
2914
2919
2919
2919
2919
2920
2920
2920
2920
2920
2920
2924
2924
2925
2925
2925
2925
2925
2925
2925
2925
2926
2926
2926
2926
2926
2926
2926
2926
2926
2926
2927
2927
2927
2927
2927
2929
2929
2929
2929
2929
2930
2930
2930
2930
2932
2932
2932
2932
2933
2933
2934
2934
2934
2937
2937
2938
2938
2939
2939
2940
2940
2940
2940
2940
2940
2943
2943
2943
2944
2944
2945
2945
2949
2949
2950
2950
2950
2950
2950
2950
2953
2953
2954
2954
2959
2959
2963
2963
2964
2964
2966
2966
2967
2967
2967
2967
2968
2968
2968
2968
2968
2968
2968
2968
2968
2968
2970
2970
2973
2973
2975
2975
2976
2976
2978
2978
2979
2979
2979
2980
2980
2980
2980
2980
2983
2983
2985
2985
2985
2985
2987
2987
2991
2991
2992
2992
2992
2992
2995
2995
2996
2996
2996
2996
2996
2996
2997
2997
2998
2998
2999
2999
3004
3004
3005
3005
3005
3005
3006
3006
3006
3006
3017
3017
3021
3021
3022
3022
3023
3023
3023
3025
3025
3029
3029
3032
3032
3035
3035
3037
3037
3041
3041
3044
3044
3045
3045
3048
3048
3048
3048
3048
3048
3048
3048
3048
3048
3048
3048
3048
3050
3050
3050
3050
3052
3052
3052
3052
3053
3053
3053
3058
3058
3058
3058
3059
3059
3059
3059
3059
3059
3059
3059
3060
3060
3063
3063
3063
3064
3064
3067
3067
3067
3067
3068
3068
3068
3069
3069
3070
3070
3070
3071
3071
3071
3071
3071
3072
3072
3072
3073
3073
3075
3075
3079
3079
3079
3079
3084
3084
3087
3087
3090
3090
3091
3091
3092
3092
3093
3093
3093
3094
3094
3094
3095
3095
3095
3096
3096
3096
3097
3097
3098
3098
3099
3099
3099
3099
3099
3099
3099
3099
3100
3100
3100
3103
3103
3103
3103
3103
3104
3104
3104
3105
3105
3110
3110
3111
3111
3111
3111
3111
3111
3112
3112
3113
3113
3113
3113
3113
3113
3113
3113
3113
3113
3117
3117
3119
3119
3119
3120
3120
3121
3121
3122
3122
3122
3122
3122
3122
3123
3123
3123
3123
3125
3125
3130
3130
3130
3132
3132
3137
3137
3139
3139
3139
3139
3141
3141
3141
3141
3141
3141
3141
3141
3145
3145
3147
3147
3147
3148
3148
3148
3151
3151
3151
3151
3151
3155
3155
3155
3155
3155
3156
3156
3159
3159
3160
3160
3160
3161
3161
3163
3163
3163
3163
3163
3164
3164
3165
3165
3166
3166
3168
3168
3170
3170
3171
3171
3172
3172
3172
3172
3175
3175
3176
3176
3176
3179
3184
3184
3184
3187
3187
3187
3187
3187
3187
3193
3193
3193
3193
3193
3194
3194
3194
3194
3194
3194
3194
3195
3195
3195
3195
3196
3196
3196
3196
3196
3196
3196
3196
3196
3197
3197
3201
3201
3201
3201
3201
3201
3201
3201
3203
3203
3205
3205
3205
3205
3206
3206
3206
3206
3207
3207
3207
3207
3207
3207
3207
3207
3207
3207
3207
3207
3207
3207
3207
3207
3207
3208
3208
3211
3211
3212
3212
3214
3214
3214
3214
3214
3215
3215
3215
3215
3215
3215
3215
3215
3215
3215
3215
3215
3215
3217
3217
3219
3219
3219
3219
3219
3219
3220
3220
3222
3222
3224
3224
3224
3225
3225
3225
3225
3225
3228
3228
3228
3229
3229
3233
3233
3234
3234
3235
3235
3236
3236
3236
3236
3237
3237
3237
3237
3241
3241
3243
3243
3249
3249
3249
3249
3251
3251
3251
3252
3252
3253
3253
3255
3255
3256
3256
3256
3256
3256
3256
3257
3257
3257
3257
3258
3258
3258
3260
3260
3261
3261
3263
3263
3263
3263
3264
3264
3264
3264
3265
3265
3265
3268
3268
3271
3271
3272
3272
3274
3274
3274
3274
3274
3275
3275
3275
3275
3275
3275
3275
3276
3276
3276
3277
3277
3277
3277
3277
3277
3279
3279
3279
3280
3280
3280
3280
3281
3281
3281
3282
3282
3283
3283
3283
3285
3285
3286
3286
3288
3288
3288
3288
3289
3289
3290
3290
3291
3291
3292
3292
3292
3292
3292
3292
3292
3292
3293
3293
3295
3295
3295
3296
3296
3296
3296
3296
3300
3300
3300
3300
3308
3308
3309
3309
3309
3309
3310
3310
3310
3311
3311
3319
3319
3319
3320
3320
3322
3322
3325
3325
3325
3325
3327
3327
3328
3328
3328
3329
3329
3330
3330
3331
3331
3331
3331
3331
3331
3331
3331
3331
3331
3331
3332
3332
3332
3333
3333
3337
3337
3337
3337
3337
3337
3337
3337
3337
3337
3338
3338
3338
3338
3340
3340
3341
3341
3342
3342
3342
3342
3342
3342
3342
3342
3342
3342
3342
3342
3342
3342
3342
3342
3342
3342
3342
3342
3342
3342
3342
3342
3342
3342
3342
3342
3342
3342
3342
3342
3342
3342
3342
3342
3342
3346
3346
3346
3346
3346
3346
3350
3350
3354
3354
3356
3356
3357
3357
3360
3360
3360
3360
3360
3361
3361
3363
3363
3363
3363
3363
3364
3364
3365
3365
3368
3368
3369
3369
3371
3371
3371
3371
3371
3374
3374
3374
3374
3377
3377
3378
3378
3378
3380
3380
3380
3380
3382
3382
3384
3384
3384
3386
3386
3386
3387
3387
3388
3388
3390
3390
3393
3393
3394
3394
3395
3395
3395
3395
3398
3398
3405
3405
3406
3406
3407
3407
3407
3410
3410
3411
3411
3411
3416
3416
3420
3420
3421
3422
3422
3425
3425
3426
3426
3426
3426
3426
3426
3426
3426
3426
3427
3427
3429
3429
3431
3431
3431
3431
3431
3431
3431
3433
3433
3433
3434
3434
3436
3436
3436
3436
3436
3436
3437
3437
3438
3438
3439
3439
3440
3440
3440
3440
3443
3443
3443
3444
3444
3446
3446
3446
3446
3446
3446
3447
3447
3449
3449
3450
3450
3450
3452
3452
3455
3455
3459
3459
3459
3459
3459
3459
3460
3460
3461
3461
3461
3462
3462
3462
3463
3463
3464
3464
3465
3465
3465
3465
3465
3465
3465
3465
3465
3465
3465
3465
3465
3466
3466
3466
3468
3468
3468
3468
3472
3472
3472
3474
3474
3474
3474
3474
3475
3475
3475
3475
3475
3475
3476
3476
3477
3477
3478
3478
3478
3478
3478
3478
3478
3478
3478
3478
3478
3478
3478
3479
3479
3480
3480
3482
3482
3484
3484
3485
3485
3485
3486
3486
3486
3489
3489
3489
3489
3489
3490
3490
3494
3494
3495
3495
3495
3500
3500
3500
3501
3501
3504
3504
3510
3510
3512
3512
3512
3512
3512
3512
3512
3512
3517
3517
3518
3518
3518
3523
3523
3523
3525
3525
3525
3528
3528
3529
3529
3529
3529
3529
3529
3529
3529
3533
3533
3533
3535
3535
3536
3536
3536
3536
3539
3539
3539
3543
3543
3544
3544
3545
3545
3549
3549
3551
3551
3555
3555
3555
3555
3557
3557
3557
3557
3557
3557
3557
3557
3557
3558
3558
3563
3563
3563
3565
3565
3567
3567
3568
3568
3569
3569
3572
3572
3572
3572
3572
3575
3575
3576
3576
3576
3577
3577
3577
3579
3579
3579
3579
3579
3579
3579
3579
3579
3582
3582
3583
3583
3583
3584
3584
3584
3584
3584
3584
3586
3586
3586
3589
3589
3589
3589
3589
3589
3591
3591
3591
3591
3594
3594
3594
3594
3594
3598
3598
3600
3600
3600
3602
3602
3603
3603
3603
3603
3603
3604
3604
3608
3608
3609
3609
3609
3609
3610
3610
3611
3611
3611
3611
3611
3611
3611
3611
3611
3611
3611
3611
3611
3611
3611
3612
3612
3612
3613
3613
3613
3613
3615
3615
3615
3615
3616
3616
3617
3617
3617
3617
3617
3619
3619
3619
3619
3622
3622
3622
3622
3622
3623
3623
3623
3623
3623
3627
3627
3627
3627
3628
3628
3628
3628
3631
3631
3631
3631
3632
3632
3632
3633
3633
3633
3634
3634
3636
3636
3636
3636
3639
3639
3641
3641
3642
3642
3643
3643
3643
3643
3643
3643
3645
3645
3645
3646
3646
3650
3650
3650
3650
3650
3650
3650
3650
3651
3651
3655
3655
3656
3656
3656
3659
3659
3659
3659
3659
3659
3659
3659
3659
3659
3659
3659
3659
3660
3660
3660
3661
3661
3661
3665
3665
3668
3668
3669
3669
3669
3669
3669
3672
3672
3672
3673
3673
3678
3678
3678
3681
3681
3681
3681
3682
3682
3682
3683
3683
3685
3685
3685
3685
3687
3687
3687
3689
3689
3690
3690
3692
3692
3692
3694
3694
3694
3694
3694
3694
3695
3695
3698
3698
3698
3699
3699
3700
3700
3700
3700
3700
3700
3703
3703
3703
3704
3704
3704
3704
3705
3705
3705
3707
3707
3708
3708
3708
3708
3708
3708
3708
3711
3711
3711
3711
3711
3711
3712
3712
3715
3715
3718
3718
3718
3718
3720
3720
3722
3722
3725
3725
3725
3725
3725
3726
3726
3727
3727
3728
3728
3731
3731
3731
3731
3731
3731
3731
3731
3731
3731
3731
3731
3731
3731
3731
3731
3731
3731
3731
3731
3731
3731
3731
3733
3733
3733
3734
3734
3734
3736
3736
3737
3737
3737
3737
3737
3739
3739
3739
3741
3741
3741
3741
3743
3743
3743
3743
3749
3749
3750
3750
3750
3751
3751
3751
3752
3752
3752
3752
3753
3753
3753
3755
3755
3756
3756
3764
3764
3764
3766
3766
3766
3766
3766
3766
3766
3766
3768
3768
3771
3771
3772
3772
3772
3773
3773
3773
3775
3775
3775
3775
3775
3775
3775
3775
3775
3776
3776
3778
3778
3781
3781
3781
3781
3781
3781
3781
3781
3781
3781
3781
3781
3781
3781
3781
3781
3781
3782
3782
3782
3782
3782
3782
3782
3782
3783
3783
3783
3783
3783
3783
3785
3785
3785
3785
3786
3786
3787
3787
3788
3788
3790
3790
3792
3792
3792
3792
3792
3795
3795
3796
3796
3796
3797
3797
3798
3798
3800
3800
3800
3800
3807
3807
3809
3809
3809
3809
3809
3810
3810
3810
3811
3811
3813
3813
3813
3813
3814
3814
3815
3815
3815
3816
3816
3817
3818
3818
3818
3818
3818
3819
3819
3819
3820
3820
3821
3821
3821
3821
3822
3822
3822
3824
3824
3824
3827
3827
3827
3827
3828
3828
3828
3828
3828
3829
3829
3829
3829
3829
3832
3835
3835
3836
3836
3838
3838
3839
3839
3841
3841
3842
3842
3843
3843
3844
3844
3844
3846
3846
3846
3848
3848
3849
3849
3850
3850
3850
3852
3852
3852
3852
3852
3852
3852
3852
3852
3852
3852
3855
3855
3856
3856
3856
3856
3856
3856
3856
3856
3856
3856
3856
3857
3857
3857
3857
3857
3857
3858
3858
3859
3859
3859
3860
3860
3861
3861
3861
3861
3861
3861
3861
3862
3862
3864
3864
3865
3865
3865
3866
3866
3870
3870
3870
3870
3870
3871
3871
3871
3871
3871
3872
3872
3874
3874
3875
3875
3875
3875
3875
3875
3875
3876
3876
3876
3876
3879
3879
3879
3879
3880
3880
3881
3881
3883
3883
3883
3883
3884
3884
3884
3884
3884
3884
3885
3885
3886
3886
3886
3886
3886
3890
3890
3891
3891
3891
3891
3892
3892
3894
3894
3894
3894
3897
3897
3897
3897
3898
3898
3899
3899
3899
3899
3899
3901
3901
3901
3902
3902
3902
3903
3903
3906
3906
3910
3910
3911
3911
3911
3913
3913
3913
3913
3913
3913
3913
3913
3913
3917
3917
3918
3918
3918
3918
3918
3918
3918
3918
3918
3918
3918
3918
3918
3918
3918
3918
3922
3922
3922
3924
3924
3924
3925
3925
3925
3926
3926
3926
3926
3926
3926
3926
3926
3928
3928
3931
3931
3932
3932
3936
3936
3937
3937
3940
3940
3941
3941
3944
3944
3945
3945
3945
3946
3946
3958
3958
3958
3958
3960
3960
3960
3961
3961
3961
3962
3962
3962
3962
3964
3964
3964
3964
3964
3964
3964
3972
3972
3972
3972
3972
3972
3972
3974
3974
3977
3977
3983
3983
3983
3983
3984
3984
3986
3986
3986
3989
3989
3990
3990
3990
3992
3992
3996
3996
3997
3997
3997
3998
3998
3998
3998
4000
4000
4000
4001
4001
4001
4001
4001
4001
4001
4002
4002
4003
4003
4004
4004
4004
4006
4006
4006
4007
4007
4007
4007
4007
4010
4010
4011
4011
4011
4011
4011
4011
4011
4011
4011
4012
4012
4017
4017
4017
4019
4019
4019
4019
4020
4020
4022
4022
4023
4023
4023
4023
4023
4023
4027
4027
4028
4028
4028
4028
4028
4028
4028
4028
4028
4028
4028
4028
4030
4030
4030
4032
4032
4032
4036
4036
4036
4037
4037
4041
4041
4041
4041
4041
4041
4041
4041
4041
4044
4044
4044
4044
4044
4044
4044
4044
4044
4044
4044
4044
4044
4044
4045
4045
4045
4046
4046
4046
4048
4048
4050
4050
4050
4051
4051
4051
4053
4053
4058
4058
4062
4062
4062
4062
4064
4064
4067
4067
4067
4067
4068
4068
4068
4068
4068
4068
4069
4069
4069
4069
4069
4069
4069
4069
4070
4070
4074
4074
4074
4074
4074
4075
4075
4075
4075
4075
4075
4075
4075
4076
4076
4077
4077
4078
4078
4078
4078
4078
4078
4078
4078
4080
4080
4081
4081
4082
4082
4082
4082
4082
4082
4082
4082
4082
4082
4082
4082
4082
4082
4083
4083
4084
4084
4084
4084
4085
4085
4090
4090
4090
4090
4094
4094
4095
4095
4095
4095
4095
4095
4095
4096
4096
4096
4096
4096
4098
4098
4098
4100
4100
4105
4105
4105
4106
4106
4108
4108
4108
4108
4109
4109
4111
4111
4115
4115
4116
4116
4116
4116
4116
4116
4116
4116
4116
4116
4116
4116
4116
4116
4116
4116
4116
4116
4116
4116
4116
4116
4116
4116
4116
4116
4116
4116
4116
4116
4116
4116
4116
4117
4117
4117
4117
4117
4117
4117
4117
4117
4117
4118
4118
4120
4120
4121
4121
4123
4123
4124
4124
4127
4127
4127
4131
4131
4133
4133
4134
4134
4137
4137
4139
4139
4140
4140
4140
4140
4140
4140
4141
4141
4141
4141
4142
4142
4143
4143
4143
4143
4143
4143
4143
4144
4144
4146
4146
4147
4147
4147
4154
4154
4155
4155
4155
4155
4155
4156
4156
4158
4158
4158
4158
4158
4158
4158
4159
4159
4160
4160
4161
4161
4161
4166
4166
4166
4166
4166
4166
4166
4166
4166
4166
4173
4173
4179
4179
4179
4179
4182
4182
4185
4185
4187
4187
4189
4189
4191
4191
4191
4192
4192
4195
4195
4200
4200
4203
4203
4204
4204
4206
4206
4207
4207
4207
4207
4207
4207
4207
4208
4208
4208
4208
4208
4213
4213
4213
4213
4213
4213
4213
4214
4214
4217
4217
4219
4219
4219
4219
4219
4220
4220
4221
4221
4221
4221
4221
4221
4221
4221
4221
4221
4221
4221
4221
4221
4221
4221
4222
4222
4223
4223
4223
4223
4223
4225
4225
4226
4226
4226
4226
4228
4228
4229
4229
4232
4232
4232
4233
4233
4235
4235
4235
4235
4235
4235
4238
4238
4239
4239
4239
4239
4239
4239
4239
4239
4243
4243
4243
4243
4243
4243
4247
4247
4248
4248
4248
4248
4248
4248
4248
4248
4248
4248
4248
4248
4248
4248
4248
4248
4248
4248
4250
4250
4250
4252
4252
4252
4252
4252
4252
4253
4253
4255
4255
4256
4256
4256
4258
4258
4259
4259
4259
4259
4259
4259
4259
4259
4259
4260
4260
4261
4261
4261
4261
4262
4262
4263
4263
4263
4263
4265
4265
4266
4266
4268
4268
4268
4268
4269
4269
4270
4270
4270
4270
4270
4271
4271
4271
4271
4272
4272
4272
4272
4275
4275
4275
4276
4276
4277
4277
4278
4278
4283
4283
4283
4283
4289
4289
4290
4290
4290
4292
4292
4293
4293
4293
4293
4294
4294
4295
4295
4295
4295
4297
4297
4297
4297
4297
4298
4298
4298
4299
4299
4299
4299
4299
4299
4299
4300
4300
4300
4302
4302
4303
4303
4303
4307
4307
4308
4309
4309
4310
4310
4311
4311
4311
4311
4311
4312
4312
4312
4312
4312
4312
4313
4313
4313
4313
4316
4316
4317
4317
4317
4318
4318
4318
4318
4318
4318
4319
4319
4322
4322
4323
4323
4323
4323
4323
4323
4323
4328
4328
4328
4328
4328
4328
4329
4329
4329
4329
4329
4329
4329
4329
4330
4330
4330
4330
4330
4335
4335
4335
4336
4336
4338
4338
4339
4339
4339
4339
4341
4341
4343
4343
4343
4343
4344
4344
4345
4345
4345
4346
4346
4347
4347
4347
4347
4347
4352
4352
4352
4352
4352
4352
4353
4353
4354
4354
4354
4357
4357
4358
4358
4358
4359
4359
4359
4361
4361
4361
4361
4362
4362
4362
4362
4366
4366
4368
4368
4368
4368
4369
4369
4369
4373
4373
4376
4376
4378
4378
4379
4379
4382
4382
4384
4384
4384
4384
4386
4386
4389
4389
4390
4390
4390
4393
4393
4394
4394
4394
4398
4398
4398
4400
4400
4400
4402
4402
4402
4402
4402
4402
4403
4403
4406
4406
4407
4407
4410
4410
4410
4411
4411
4415
4415
4415
4416
4416
4416
4419
4419
4420
4420
4422
4422
4422
4422
4424
4424
4427
4427
4431
4431
4434
4434
4435
4435
4436
4436
4439
4439
4439
4440
4440
4440
4443
4443
4443
4448
4448
4449
4449
4449
4451
4451
4451
4452
4452
4452
4452
4453
4453
4453
4454
4454
4455
4455
4455
4461
4461
4462
4462
4465
4465
4466
4466
4466
4466
4468
4468
4469
4469
4469
4469
4474
4474
4474
4474
4474
4474
4476
4476
4476
4476
4476
4477
4477
4477
4477
4477
4477
4482
4482
4482
4482
4482
4483
4483
4483
4483
4483
4485
4485
4485
4485
4486
4486
4486
4487
4487
4491
4491
4492
4492
4493
4493
4494
4494
4495
4495
4495
4495
4495
4495
4497
4497
4498
4498
4498
4499
4499
4503
4503
4503
4503
4503
4504
4504
4504
4504
4504
4504
4504
4504
4505
4505
4506
4506
4511
4511
4514
4514
4515
4515
4515
4515
4515
4515
4515
4517
4517
4518
4518
4518
4518
4519
4519
4521
4521
4523
4523
4523
4523
4524
4524
4526
4526
4526
4526
4526
4526
4526
4526
4526
4526
4526
4526
4526
4528
4528
4528
4529
4529
4529
4529
4529
4529
4529
4529
4529
4529
4529
4529
4529
4529
4529
4529
4529
4529
4529
4529
4529
4529
4529
4529
4529
4530
4530
4530
4531
4531
4532
4532
4537
4537
4538
4538
4538
4544
4544
4546
4546
4546
4548
4548
4550
4550
4550
4553
4553
4553
4553
4553
4554
4554
4554
4555
4555
4555
4555
4556
4556
4557
4557
4562
4562
4564
4564
4564
4567
4567
4567
4567
4567
4568
4568
4568
4568
4568
4568
4569
4569
4569
4570
4570
4574
4574
4575
4575
4576
4576
4577
4577
4579
4579
4580
4580
4580
4583
4583
4586
4586
4586
4590
4590
4591
4591
4592
4592
4592
4592
4592
4592
4592
4592
4592
4592
4592
4592
4592
4592
4592
4592
4592
4592
4592
4592
4592
4592
4592
4592
4592
4594
4594
4594
4594
4597
4597
4602
4602
4602
4603
4603
4603
4603
4604
4604
4605
4605
4605
4607
4607
4607
4607
4607
4607
4607
4608
4608
4608
4611
4611
4611
4616
4616
4616
4616
4617
4617
4618
4618
4622
4622
4622
4623
4623
4624
4624
4626
4626
4626
4626
4627
4627
4628
4628
4628
4628
4628
4628
4628
4628
4628
4628
4628
4628
4628
4631
4631
4631
4632
4632
4632
4632
4632
4632
4636
4636
4636
4636
4637
4637
4637
4637
4637
4637
4637
4637
4637
4637
4637
4637
4637
4637
4637
4637
4637
4637
4638
4638
4639
4639
4639
4639
4640
4640
4640
4641
4641
4642
4642
4643
4643
4643
4647
4647
4649
4649
4649
4649
4650
4650
4650
4650
4650
4650
4650
4650
4652
4652
4654
4654
4654
4654
4655
4655
4655
4659
4659
4659
4659
4659
4661
4661
4661
4661
4661
4661
4661
4664
4664
4665
4665
4665
4665
4665
4670
4670
4670
4671
4671
4672
4672
4672
4672
4672
4676
4676
4676
4676
4676
4676
4676
4676
4677
4677
4680
4680
4680
4680
4680
4684
4684
4684
4689
4689
4692
4692
4692
4692
4695
4695
4695
4695
4695
4695
4695
4697
4697
4697
4697
4697
4697
4697
4697
4697
4697
4697
4697
4697
4697
4697
4697
4697
4698
4698
4698
4699
4699
4700
4700
4700
4700
4702
4702
4702
4702
4703
4703
4703
4705
4705
4705
4706
4706
4706
4706
4706
4706
4706
4706
4706
4707
4707
4708
4708
4711
4711
4711
4713
4713
4714
4714
4714
4714
4715
4715
4718
4718
4718
4718
4718
4718
4718
4718
4718
4718
4718
4718
4718
4718
4718
4718
4718
4718
4718
4718
4719
4719
4719
4719
4719
4721
4721
4722
4722
4726
4726
4726
4726
4727
4727
4730
4730
4730
4730
4730
4730
4730
4730
4730
4730
4731
4731
4732
4732
4735
4735
4735
4735
4735
4735
4735
4735
4735
4736
4736
4737
4737
4737
4739
4739
4739
4739
4739
4739
4739
4739
4742
4742
4743
4743
4743
4743
4744
4744
4744
4744
4744
4744
4744
4749
4749
4749
4751
4751
4754
4754
4755
4755
4755
4756
4756
4757
4757
4757
4758
4758
4758
4758
4760
4760
4763
4763
4763
4763
4763
4764
4764
4764
4764
4764
4764
4765
4765
4766
4766
4766
4766
4766
4771
4771
4771
4773
4773
4773
4773
4773
4773
4774
4774
4774
4774
4779
4779
4780
4780
4781
4781
4782
4782
4782
4782
4786
4786
4786
4786
4786
4786
4786
4786
4789
4789
4789
4792
4792
4792
4793
4793
4793
4793
4793
4793
4793
4793
4793
4795
4795
4795
4795
4795
4795
4795
4795
4796
4796
4796
4796
4796
4796
4797
4797
4797
4797
4797
4797
4797
4801
4801
4802
4802
4802
4802
4802
4802
4803
4803
4803
4804
4804
4806
4806
4806
4807
4807
4807
4807
4808
4808
4808
4809
4809
4809
4809
4809
4809
4810
4810
4810
4810
4810
4810
4810
4814
4814
4814
4814
4817
4817
4818
4818
4818
4819
4819
4819
4820
4820
4820
4820
4820
4822
4822
4822
4822
4822
4826
4826
4827
4827
4832
4832
4832
4832
4833
4833
4835
4835
4837
4837
4837
4837
4839
4839
4839
4839
4839
4839
4839
4839
4840
4840
4840
4844
4844
4846
4846
4846
4846
4847
4847
4848
4848
4852
4852
4855
4855
4856
4856
4858
4858
4861
4861
4862
4862
4863
4863
4864
4864
4864
4865
4865
4866
4866
4866
4866
4866
4866
4867
4867
4868
4868
4868
4868
4868
4868
4869
4869
4869
4869
4870
4870
4870
4872
4872
4874
4874
4874
4876
4876
4876
4877
4877
4877
4878
4878
4878
4878
4878
4880
4880
4882
4882
4883
4883
4883
4886
4886
4886
4886
4886
4889
4889
4890
4890
4892
4892
4892
4892
4894
4894
4894
4894
4894
4894
4894
4900
4900
4900
4901
4901
4901
4901
4902
4902
4902
4904
4904
4904
4908
4908
4908
4908
4908
4909
4909
4909
4913
4913
4913
4915
4915
4916
4916
4916
4916
4916
4918
4918
4918
4921
4921
4921
4925
4925
4925
4927
4927
4927
4928
4928
4930
4930
4933
4933
4933
4933
4934
4934
4934
4934
4935
4935
4936
4936
4945
4945
4946
4946
4946
4946
4946
4947
4947
4947
4947
4948
4948
4948
4948
4948
4953
4953
4956
4956
4957
4957
4958
4958
4958
4958
4961
4961
4962
4962
4962
4962
4964
4964
4964
4964
4964
4965
4965
4965
4966
4966
4966
4966
4967
4967
4974
4974
4974
4974
4974
4974
4974
4974
4978
4978
4978
4978
4982
4982
4982
4983
4983
4983
4983
4983
4983
4983
4983
4983
4985
4985
4987
4987
4988
4988
4989
4989
4992
4992
4992
4992
4992
4993
4993
4998
4998
5000
5000
5001
5001
5001
5001
5001
5001
5001
5001
5001
5001
5003
5003
5006
5006
5006
5006
5009
5009
5009
5009
5010
5010
5010
5011
5011
5013
5013
5014
5014
5014
5014
5014
5014
5016
5016
5016
5016
5016
5016
5016
5016
5017
5017
5017
5017
5020
5020
5020
5020
5020
5020
5020
5023
5023
5023
5024
5024
5028
5028
5029
5029
5041
5041
5041
5041
5041
5045
5045
5047
5047
5048
5048
5051
5051
5053
5053
5053
5053
5053
5053
5053
5053
5053
5053
5054
5054
5054
5058
5058
5058
5058
5058
5058
5060
5060
5062
5062
5066
5066
5067
5067
5068
5068
5068
5068
5068
5068
5068
5068
5070
5070
5070
5070
5070
5070
5071
5071
5071
5071
5076
5076
5077
5077
5077
5077
5077
5079
5079
5080
5080
5081
5081
5081
5085
5085
5086
5086
5086
5087
5087
5089
5089
5092
5092
5094
5094
5095
5095
5097
5097
5098
5098
5098
5098
5098
5098
5103
5103
5103
5106
5106
5106
5106
5109
5109
5109
5109
5110
5110
5112
5112
5112
5113
5113
5114
5114
5115
5115
5115
5115
5115
5117
5117
5117
5117
5119
5119
5121
5121
5122
5122
5122
5124
5124
5126
5126
5128
5128
5130
5130
5131
5131
5138
5138
5140
5140
5141
5141
5142
5142
5142
5142
5143
5143
5143
5143
5143
5143
5143
5144
5144
5144
5145
5145
5145
5149
5149
5149
5149
5149
5149
5151
5151
5151
5151
5151
5151
5151
5151
5151
5151
5151
5156
5156
5157
5157
5159
5159
5159
5159
5159
5159
5159
5159
5159
5159
5159
5159
5159
5159
5159
5159
5159
5159
5159
5159
5159
5159
5161
5161
5163
5163
5165
5165
5165
5166
5166
5166
5166
5166
5166
5166
5166
5169
5169
5169
5170
5170
5172
5172
5174
5174
5177
5177
5179
5179
5179
5184
5184
5185
5185
5187
5187
5187
5188
5188
5189
5189
5190
5190
5191
5191
5192
5192
5192
5194
5194
5194
5195
5195
5196
5196
5196
5197
5197
5200
5200
5200
5203
5203
5206
5206
5206
5206
5206
5209
5209
5211
5211
5211
5212
5212
5212
5212
5212
5212
5212
5212
5212
5212
5212
5212
5212
5212
5214
5214
5218
5218
5218
5218
5222
5222
5223
5223
5223
5224
5224
5224
5228
5228
5229
5229
5229
5231
5231
5233
5233
5233
5233
5236
5236
5241
5241
5241
5242
5242
5243
5243
5243
5243
5243
5243
5245
5245
5246
5246
5246
5247
5247
5247
5249
5249
5249
5250
5250
5250
5250
5250
5251
5251
5252
5252
5252
5252
5252
5252
5252
5252
5252
5252
5252
5254
5254
5255
5255
5257
5257
5257
5257
5259
5259
5259
5260
5260
5260
5264
5264
5264
5265
5265
5272
5272
5272
5272
5273
5273
5273
5274
5274
5274
5280
5280
5283
5283
5285
5285
5285
5285
5288
5288
5288
5289
5289
5291
5291
5291
5291
5291
5293
5293
5296
5296
5296
5296
5299
5299
5302
5302
5302
5302
5302
5302
5305
5305
5305
5305
5305
5305
5307
5307
5308
5308
5310
5310
5310
5310
5310
5310
5312
5312
5313
5313
5315
5315
5315
5315
5315
5315
5315
5315
5316
5316
5317
5317
5318
5318
5319
5319
5319
5320
5320
5322
5322
5326
5326
5329
5329
5329
5329
5329
5330
5330
5331
5331
5331
5331
5331
5331
5336
5336
5336
5336
5340
5340
5342
5342
5343
5343
5343
5343
5344
5344
5344
5344
5344
5344
5344
5346
5346
5346
5347
5347
5348
5348
5348
5348
5348
5349
5349
5352
5352
5356
5356
5357
5357
5357
5357
5357
5357
5358
5358
5360
5360
5360
5360
5362
5362
5362
5362
5363
5363
5363
5363
5363
5363
5363
5363
5365
5365
5366
5366
5366
5367
5367
5367
5368
5368
5368
5368
5368
5368
5368
5368
5368
5368
5368
5368
5368
5369
5369
5369
5369
5369
5369
5369
5369
5369
5369
5369
5370
5370
5371
5371
5372
5372
5378
5378
5379
5379
5383
5383
5386
5386
5386
5386
5391
5391
5391
5397
5397
5407
5407
5407
5407
5408
5408
5408
5410
5410
5411
5411
5413
5413
5414
5414
5414
5414
5415
5415
5415
5415
5417
5417
5417
5417
5417
5417
5417
5422
5422
5423
5423
5423
5423
5424
5424
5425
5425
5426
5426
5429
5429
5429
5430
5430
5433
5433
5433
5433
5433
5433
5433
5433
5434
5434
5434
5435
5435
5437
5437
5439
5439
5439
5442
5442
5442
5444
5444
5444
5444
5444
5444
5444
5444
5444
5445
5445
5451
5451
5451
5451
5453
5453
5453
5453
5457
5457
5457
5459
5459
5459
5459
5463
5463
5465
5465
5465
5465
5465
5465
5465
5465
5465
5465
5465
5465
5465
5465
5469
5469
5472
5472
5472
5473
5473
5473
5473
5475
5475
5476
5476
5476
5476
5478
5478
5478
5478
5478
5478
5478
5478
5478
5478
5478
5478
5478
5478
5478
5478
5478
5478
5478
5478
5478
5478
5478
5478
5478
5478
5479
5479
5479
5485
5485
5485
5485
5485
5485
5486
5486
5492
5492
5493
5493
5496
5496
5496
5496
5496
5496
5497
5497
5497
5497
5497
5497
5497
5499
5499
5500
5500
5500
5500
5501
5501
5507
5507
5508
5508
5510
5510
5511
5511
5511
5511
5511
5511
5511
5511
5517
5517
5520
5520
5521
5521
5521
5522
5522
5526
5526
5528
5528
5528
5528
5529
5529
5529
5530
5530
5530
5536
5536
5536
5536
5536
5536
5538
5538
5540
5540
5544
5544
5544
5545
5545
5547
5547
5547
5547
5547
5547
5547
5547
5547
5548
5548
5549
5549
5549
5550
5550
5551
5551
5551
5551
5553
5553
5553
5553
5554
5554
5554
5557
5557
5558
5558
5558
5558
5559
5559
5561
5561
5561
5564
5564
5565
5565
5565
5565
5566
5566
5567
5567
5572
5572
5572
5572
5574
5574
5574
5575
5575
5576
5576
5576
5576
5578
5578
5579
5579
5580
5580
5580
5580
5580
5580
5582
5582
5584
5584
5586
5586
5589
5589
5589
5590
5590
5593
5593
5593
5593
5593
5593
5593
5593
5593
5593
5593
5593
5594
5594
5595
5595
5597
5597
5602
5602
5602
5602
5602
5602
5602
5605
5605
5606
5606
5606
5606
5607
5607
5609
5609
5609
5609
5609
5609
5610
5610
5612
5612
5612
5615
5615
5618
5618
5618
5618
5618
5618
5618
5620
5620
5620
5621
5621
5622
5622
5622
5622
5622
5622
5623
5623
5623
5623
5623
5625
5625
5625
5625
5625
5625
5626
5626
5626
5627
5627
5628
5628
5628
5628
5628
5628
5629
5629
5629
5629
5632
5632
5632
5632
5635
5635
5635
5635
5635
5636
5636
5636
5637
5637
5642
5642
5643
5643
5644
5644
5645
5645
5647
5647
5649
5649
5649
5649
5651
5651
5651
5651
5655
5655
5655
5655
5655
5658
5658
5661
5661
5664
5664
5664
5665
5665
5665
5665
5665
5666
5666
5667
5667
5668
5668
5668
5669
5669
5670
5670
5671
5671
5674
5674
5674
5675
5675
5675
5678
5678
5678
5678
5678
5680
5680
5680
5680
5682
5682
5685
5685
5685
5685
5686
5686
5688
5688
5692
5692
5692
5697
5697
5700
5700
5700
5700
5701
5701
5701
5701
5701
5701
5701
5701
5701
5701
5701
5701
5701
5701
5701
5701
5701
5701
5701
5701
5701
5703
5703
5704
5704
5704
5704
5706
5706
5708
5708
5709
5709
5709
5709
5709
5709
5709
5710
5710
5711
5711
5713
5713
5713
5713
5715
5715
5715
5715
5715
5715
5715
5715
5717
5717
5720
5720
5721
5721
5721
5721
5721
5721
5721
5721
5722
5722
5722
5722
5722
5723
5723
5724
5724
5724
5724
5728
5728
5728
5729
5729
5731
5731
5731
5731
5732
5732
5732
5734
5734
5734
5735
5735
5735
5735
5735
5735
5735
5735
5735
5737
5737
5739
5739
5741
5741
5741
5742
5742
5742
5742
5743
5743
5744
5744
5744
5745
5745
5745
5745
5745
5746
5746
5746
5746
5747
5747
5751
5751
5751
5753
5753
5753
5753
5755
5755
5756
5756
5756
5756
5757
5757
5758
5758
5759
5759
5762
5762
5766
5766
5766
5767
5767
5767
5767
5767
5767
5767
5767
5767
5767
5767
5767
5767
5767
5767
5767
5767
5767
5767
5767
5767
5767
5767
5767
5767
5767
5767
5767
5767
5767
5767
5767
5767
5767
5767
5767
5767
5767
5767
5768
5768
5770
5770
5772
5772
5772
5772
5772
5774
5774
5774
5776
5776
5776
5779
5779
5779
5781
5781
5781
5782
5782
5782
5782
5787
5787
5787
5794
5794
5797
5797
5798
5798
5798
5798
5798
5798
5798
5798
5798
5798
5798
5798
5798
5800
5800
5800
5801
5801
5804
5804
5805
5805
5807
5807
5810
5810
5817
5817
5819
5819
5821
5821
5824
5824
5826
5826
5826
5826
5826
5826
5826
5826
5827
5827
5827
5828
5828
5828
5828
5828
5828
5828
5828
5828
5829
5829
5829
5829
5830
5830
5830
5833
5833
5833
5833
5833
5833
5833
5833
5833
5833
5835
5835
5836
5836
5836
5836
5836
5839
5839
5839
5839
5839
5839
5839
5839
5840
5840
5840
5840
5843
5843
5843
5845
5845
5847
5847
5847
5849
5849
5849
5849
5851
5851
5853
5853
5853
5854
5854
5854
5858
5858
5858
5858
5862
5862
5864
5864
5868
5868
5868
5868
5869
5869
5870
5870
5870
5871
5871
5872
5872
5873
5873
5873
5877
5877
5880
5880
5882
5882
5884
5884
5886
5886
5886
5886
5886
5886
5886
5886
5887
5887
5892
5892
5892
5892
5892
5892
5896
5896
5896
5896
5896
5896
5896
5896
5897
5897
5898
5898
5899
5899
5900
5900
5900
5900
5900
5900
5900
5902
5902
5902
5906
5906
5908
5908
5908
5908
5908
5909
5909
5909
5909
5909
5909
5909
5909
5909
5909
5909
5909
5909
5909
5909
5911
5911
5913
5913
5916
5916
5916
5916
5918
5918
5918
5918
5920
5920
5920
5920
5921
5921
5924
5924
5925
5925
5925
5926
5926
5926
5926
5929
5929
5929
5934
5934
5938
5938
5938
5939
5939
5939
5940
5940
5943
5943
5943
5943
5947
5947
5949
5949
5951
5951
5951
5951
5952
5952
5952
5954
5954
5954
5954
5954
5954
5954
5954
5954
5954
5954
5954
5954
5954
5954
5954
5954
5955
5955
5956
5956
5956
5956
5957
5957
5957
5958
5958
5958
5958
5958
5958
5958
5958
5959
5959
5961
5961
5963
5963
5964
5964
5964
5964
5964
5964
5964
5964
5964
5965
5965
5965
5967
5967
5968
5968
5968
5970
5970
5972
5972
5972
5973
5973
5974
5974
5974
5974
5976
5976
5977
5977
5980
5980
5981
5981
5985
5985
5985
5985
5985
5985
5985
5985
5985
5987
5987
5987
5987
5987
5987
5987
5987
5988
5988
5988
5988
5988
5988
5988
5989
5989
5991
5991
5991
5992
5992
5994
5994
5995
5995
5995
5997
5997
5998
5998
5998
5998
5998
5998
5998
5998
6000
6000
6002
6002
6002
6004
6004
6006
6006
6006
6006
6006
6006
6008
6008
6011
6011
6013
6013
6014
6014
6014
6014
6014
6021
6021
6024
6024
6024
6026
6026
6026
6026
6031
6031
6033
6033
6033
6037
6037
6038
6038
6038
6038
6038
6038
6038
6038
6038
6038
6039
6039
6041
6041
6046
6046
6053
6053
6053
6053
6054
6054
6054
6058
6058
6060
6060
6064
6064
6066
6066
6066
6066
6068
6068
6069
6069
6071
6071
6071
6071
6071
6071
6073
6073
6077
6077
6081
6081
6081
6086
6086
6088
6088
6089
6089
6091
6091
6091
6091
6092
6092
6092
6092
6092
6092
6092
6092
6094
6094
6094
6096
6096
6096
6097
6097
6097
6097
6097
6099
6099
6101
6101
6101
6101
6103
6103
6104
6104
6106
6106
6107
6107
6107
6108
6108
6110
6110
6111
6111
6113
6113
6117
6117
6119
6119
6119
6119
6119
6121
6121
6122
6122
6123
6123
6124
6124
6124
6124
6125
6125
6125
6125
6125
6125
6125
6130
6130
6131
6131
6131
6132
6132
6133
6133
6133
6137
6137
6137
6137
6137
6137
6137
6137
6138
6138
6138
6144
6144
6149
6149
6149
6151
6151
6152
6152
6153
6153
6153
6153
6156
6156
6160
6160
6161
6161
6162
6162
6162
6163
6163
6163
6164
6164
6165
6165
6166
6166
6166
6167
6167
6167
6167
6167
6167
6167
6168
6168
6169
6169
6170
6170
6170
6173
6173
6174
6174
6175
6175
6176
6176
6176
6176
6176
6178
6178
6178
6178
6185
6185
6185
6188
6188
6188
6189
6189
6189
6190
6190
6190
6190
6191
6191
6192
6192
6192
6194
6194
6194
6195
6195
6195
6195
6196
6196
6196
6196
6198
6198
6199
6199
6199
6199
6199
6200
6200
6200
6200
6200
6200
6200
6201
6201
6203
6203
6204
6204
6206
6206
6208
6208
6210
6210
6214
6214
6214
6214
6214
6214
6214
6214
6216
6216
6217
6217
6217
6217
6217
6217
6219
6219
6230
6230
6231
6231
6234
6234
6236
6236
6240
6240
6240
6244
6244
6246
6246
6246
6246
6250
6250
6252
6252
6254
6254
6256
6256
6257
6257
6263
6263
6263
6266
6266
6267
6267
6270
6270
6270
6271
6271
6272
6272
6272
6273
6273
6277
6277
6277
6278
6278
6280
6280
6280
6282
6282
6284
6284
6286
6286
6287
6287
6290
6290
6290
6290
6290
6291
6291
6291
6295
6295
6295
6295
6295
6295
6298
6298
6298
6298
6298
6298
6299
6299
6301
6301
6307
6307
6307
6308
6308
6308
6308
6308
6309
6309
6311
6311
6311
6311
6311
6311
6314
6314
6314
6314
6317
6317
6317
6321
6321
6321
6321
6322
6322
6323
6323
6325
6325
6327
6327
6327
6329
6329
6336
6336
6337
6337
6338
6338
6338
6338
6338
6339
6339
6344
6344
6350
6350
6351
6351
6351
6351
6351
6354
6354
6355
6355
6355
6359
6359
6359
6364
6364
6366
6366
6368
6368
6369
6369
6370
6370
6371
6371
6372
6372
6373
6373
6377
6377
6378
6378
6378
6378
6384
6384
6389
6389
6389
6389
6389
6391
6391
6392
6392
6394
6394
6399
6399
6399
6400
6400
6401
6401
6402
6402
6402
6402
6402
6403
6403
6404
6404
6411
6411
6412
6412
6414
6414
6414
6416
6416
6416
6418
6418
6419
6419
6419
6419
6419
6419
6423
6423
6423
6423
6423
6424
6424
6424
6424
6424
6424
6431
6431
6431
6439
6439
6441
6441
6441
6442
6442
6443
6443
6443
6447
6447
6449
6449
6449
6449
6449
6449
6450
6450
6450
6450
6450
6450
6450
6450
6451
6451
6451
6451
6454
6454
6457
6457
6457
6458
6458
6458
6458
6459
6459
6459
6459
6462
6462
6462
6462
6462
6462
6462
6462
6462
6462
6462
6462
6462
6463
6463
6465
6465
6465
6465
6465
6465
6467
6467
6471
6471
6473
6473
6473
6475
6475
6476
6476
6476
6476
6476
6476
6478
6478
6479
6479
6483
6483
6484
6484
6485
6485
6485
6485
6488
6488
6489
6489
6492
6492
6494
6494
6497
6497
6498
6498
6498
6498
6498
6498
6499
6499
6499
6501
6501
6503
6503
6504
6504
6504
6506
6506
6506
6506
6506
6511
6511
6512
6512
6513
6513
6513
6520
6520
6520
6520
6521
6521
6522
6522
6524
6524
6524
6525
6525
6525
6525
6525
6525
6526
6526
6527
6527
6527
6529
6529
6532
6532
6532
6534
6534
6534
6534
6534
6534
6534
6534
6534
6534
6534
6534
6534
6534
6534
6534
6534
6534
6536
6536
6536
6536
6539
6539
6539
6539
6540
6540
6540
6540
6541
6541
6544
6544
6548
6548
6554
6554
6554
6554
6557
6557
6557
6558
6558
6559
6559
6559
6561
6561
6563
6563
6563
6563
6564
6564
6567
6567
6567
6567
6570
6570
6572
6572
6572
6572
6576
6576
6577
6577
6578
6578
6578
6578
6579
6579
6580
6580
6580
6580
6580
6580
6580
6580
6585
6585
6585
6586
6586
6589
6589
6589
6589
6590
6590
6590
6590
6591
6591
6591
6591
6593
6593
6594
6594
6594
6594
6594
6594
6597
6597
6600
6600
6601
6601
6601
6601
6601
6601
6601
6601
6601
6601
6601
6601
6601
6601
6601
6601
6601
6601
6601
6601
6601
6601
6601
6601
6601
6601
6601
6601
6601
6601
6601
6601
6601
6601
6601
6601
6601
6601
6604
6604
6607
6607
6608
6608
6608
6608
6609
6609
6612
6612
6614
6614
6616
6616
6617
6617
6620
6620
6620
6623
6623
6623
6628
6628
6628
6629
6629
6630
6630
6633
6633
6633
6634
6634
6635
6635
6636
6636
6636
6638
6638
6638
6639
6639
6641
6641
6641
6641
6643
6643
6643
6645
6645
6646
6646
6648
6648
6650
6650
6652
6652
6653
6653
6654
6654
6654
6658
6658
6659
6659
6660
6660
6660
6660
6660
6660
6660
6661
6661
6662
6662
6663
6663
6667
6667
6667
6667
6668
6668
6670
6670
6670
6671
6671
6676
6676
6676
6676
6677
6677
6677
6677
6677
6677
6680
6680
6681
6681
6681
6682
6682
6682
6682
6682
6682
6686
6686
6686
6686
6686
6686
6686
6686
6690
6690
6691
6691
6691
6691
6691
6691
6691
6691
6693
6693
6693
6693
6694
6694
6694
6694
6694
6697
6697
6698
6698
6702
6702
6702
6703
6703
6703
6703
6703
6703
6705
6705
6706
6706
6706
6706
6706
6706
6706
6706
6706
6706
6707
6707
6707
6707
6711
6711
6712
6712
6712
6713
6713
6715
6715
6715
6716
6716
6716
6716
6716
6717
6717
6718
6718
6718
6718
6718
6718
6719
6719
6720
6720
6720
6720
6721
6721
6722
6722
6722
6723
6723
6726
6726
6726
6726
6726
6726
6728
6728
6728
6728
6728
6728
6728
6728
6730
6730
6730
6730
6732
6732
6734
6734
6735
6735
6735
6737
6737
6737
6737
6738
6738
6738
6738
6738
6738
6738
6738
6738
6738
6740
6740
6741
6741
6743
6743
6743
6748
6748
6748
6749
6749
6749
6751
6751
6753
6753
6754
6754
6760
6760
6760
6764
6764
6767
6767
6767
6767
6767
6767
6767
6767
6768
6768
6768
6768
6768
6768
6768
6768
6768
6768
6768
6768
6770
6770
6772
6772
6773
6773
6773
6776
6776
6776
6776
6776
6776
6778
6778
6783
6783
6783
6784
6784
6784
6784
6784
6789
6789
6789
6789
6789
6789
6789
6789
6790
6790
6793
6793
6793
6793
6794
6794
6794
6797
6797
6800
6800
6800
6802
6802
6802
6804
6804
6808
6808
6808
6808
6808
6808
6808
6808
6808
6808
6809
6809
6809
6810
6810
6813
6813
6813
6814
6814
6814
6816
6816
6818
6818
6824
6824
6824
6824
6824
6828
6828
6828
6828
6828
6828
6828
6828
6828
6829
6829
6829
6829
6829
6829
6829
6829
6830
6830
6833
6833
6833
6834
6834
6835
6835
6835
6837
6837
6838
6838
6839
6839
6839
6841
6841
6842
6842
6844
6844
6844
6844
6845
6845
6845
6845
6846
6846
6846
6846
6846
6847
6847
6847
6847
6849
6849
6849
6849
6850
6850
6850
6851
6851
6851
6851
6854
6854
6854
6854
6854
6854
6855
6855
6855
6855
6855
6855
6855
6855
6855
6855
6856
6856
6862
6862
6862
6862
6862
6862
6862
6862
6862
6862
6862
6862
6862
6862
6862
6862
6862
6862
6862
6862
6862
6862
6862
6862
6862
6862
6862
6862
6862
6862
6862
6862
6862
6862
6862
6862
6862
6862
6862
6862
6862
6862
6862
6862
6862
6862
6862
6862
6862
6862
6862
6862
6862
6862
6862
6862
6862
6862
6862
6862
6862
6862
6862
6862
6862
6862
6863
6863
6864
6864
6864
6867
6867
6868
6868
6869
6869
6876
6876
6876
6879
6879
6879
6880
6880
6880
6882
6882
6882
6884
6884
6885
6885
6888
6888
6889
6889
6890
6890
6890
6890
6890
6890
6891
6891
6891
6892
6892
6892
6892
6895
6895
6895
6895
6895
6895
6895
6897
6897
6897
6897
6899
6899
6899
6899
6900
6900
6900
6900
6900
6900
6900
6900
6902
6902
6904
6904
6904
6904
6904
6905
6905
6906
6906
6910
6910
6911
6911
6911
6911
6911
6911
6911
6911
6921
6921
6924
6924
6924
6924
6924
6925
6925
6925
6925
6926
6926
6927
6927
6927
6928
6928
6928
6928
6928
6928
6929
6929
6931
6931
6931
6931
6932
6932
6934
6934
6939
6939
6939
6940
6940
6943
6943
6943
6943
6943
6944
6944
6944
6944
6946
6946
6946
6946
6946
6948
6948
6948
6948
6948
6948
6948
6949
6949
6949
6953
6953
6954
6954
6955
6955
6955
6955
6956
6956
6956
6956
6956
6957
6957
6959
6959
6959
6959
6961
6961
6961
6961
6961
6961
6961
6961
6962
6962
6962
6962
6962
6963
6963
6965
6970
6970
6972
6972
6972
6973
6973
6975
6975
6975
6975
6977
6977
6979
6979
6979
6979
6981
6981
6981
6981
6981
6981
6981
6981
6981
6981
6981
6983
6983
6983
6987
6987
6988
6989
6989
6992
6992
6995
6995
6995
6996
6996
6997
6997
6997
6997
6998
6998
6998
6999
6999
6999
7000
7000
7001
7001
7001
7005
7005
7010
7010
7010
7010
7010
7010
7010
7013
7013
7019
7019
7020
7020
7021
7021
7021
7021
7021
7021
7021
7021
7021
7021
7021
7021
7021
7021
7021
7021
7021
7021
7021
7021
7021
7024
7024
7025
7025
7025
7025
7026
7026
7026
7027
7027
7028
7028
7030
7030
7032
7032
7032
7035
7035
7035
7041
7041
7041
7041
7044
7044
7046
7046
7047
7047
7047
7047
7047
7047
7047
7047
7048
7048
7049
7049
7052
7052
7052
7053
7053
7053
7053
7053
7053
7054
7054
7054
7054
7054
7054
7054
7054
7054
7054
7054
7054
7054
7054
7054
7055
7055
7055
7055
7057
7057
7058
7058
7058
7058
7058
7058
7058
7060
7060
7060
7060
7060
7062
7063
7067
7067
7069
7069
7070
7070
7071
7071
7073
7073
7075
7075
7075
7079
7079
7081
7081
7081
7081
7081
7081
7081
7081
7081
7081
7082
7082
7084
7084
7087
7087
7087
7088
7088
7089
7089
7092
7092
7092
7093
7093
7093
7093
7094
7094
7096
7096
7097
7097
7098
7098
7098
7098
7100
7100
7100
7100
7101
7101
7102
7102
7102
7103
7103
7103
7103
7104
7104
7104
7106
7106
7106
7106
7106
7109
7109
7109
7109
7112
7112
7114
7114
7114
7114
7119
7119
7123
7123
7124
7124
7124
7124
7124
7124
7127
7127
7127
7132
7132
7133
7133
7133
7133
7133
7134
7134
7136
7136
7136
7137
7137
7139
7139
7140
7140
7143
7143
7144
7144
7144
7145
7145
7145
7145
7145
7145
7145
7145
7145
7146
7146
7151
7151
7157
7157
7158
7158
7158
7158
7158
7158
7158
7158
7160
7160
7161
7161
7161
7161
7162
7162
7162
7163
7163
7164
7164
7164
7166
7166
7168
7168
7169
7169
7169
7170
7170
7171
7171
7171
7171
7171
7171
7171
7171
7171
7175
7175
7175
7179
7179
7185
7185
7185
7185
7187
7187
7187
7190
7190
7190
7190
7190
7190
7190
7190
7192
7192
7192
7192
7192
7195
7195
7195
7195
7195
7195
7200
7200
7200
7200
7202
7202
7203
7203
7205
7205
7205
7206
7206
7207
7207
7211
7211
7214
7214
7214
7215
7215
7217
7217
7217
7219
7219
7220
7220
7220
7220
7220
7220
7220
7220
7220
7220
7220
7220
7222
7222
7223
7223
7223
7223
7223
7223
7223
7223
7223
7223
7223
7223
7223
7223
7223
7223
7223
7223
7223
7223
7223
7223
7223
7223
7223
7223
7223
7223
7223
7223
7223
7225
7225
7225
7225
7225
7225
7225
7225
7226
7226
7231
7231
7231
7234
7234
7234
7234
7234
7234
7234
7234
7234
7234
7235
7235
7235
7236
7236
7236
7237
7237
7237
7239
7239
7239
7241
7241
7241
7242
7242
7244
7244
7244
7245
7245
7245
7245
7245
7245
7245
7245
7245
7246
7246
7246
7248
7248
7248
7248
7250
7250
7250
7251
7251
7251
7255
7255
7256
7256
7256
7256
7259
7259
7260
7260
7260
7260
7260
7260
7262
7262
7267
7267
7267
7267
7268
7268
7269
7269
7269
7269
7270
7270
7270
7270
7270
7270
7271
7271
7272
7272
7272
7272
7273
7273
7275
7275
7282
7282
7283
7283
7286
7286
7286
7287
7287
7291
7291
7291
7291
7292
7292
7293
7293
7297
7297
7300
7300
7300
7300
7300
7300
7300
7300
7300
7300
7300
7300
7300
7300
7300
7300
7300
7300
7300
7300
7300
7300
7300
7300
7303
7303
7307
7307
7307
7307
7308
7308
7308
7308
7308
7308
7308
7308
7308
7308
7308
7308
7309
7309
7309
7309
7310
7310
7312
7312
7313
7313
7313
7313
7315
7315
7315
7315
7316
7316
7317
7317
7317
7317
7321
7321
7323
7323
7323
7323
7323
7325
7325
7325
7325
7327
7327
7327
7327
7330
7330
7330
7330
7330
7330
7332
7332
7332
7332
7334
7334
7335
7335
7335
7339
7339
7339
7340
7340
7340
7340
7340
7341
7341
7345
7345
7345
7345
7347
7347
7347
7348
7348
7349
7349
7352
7352
7352
7354
7354
7354
7355
7355
7355
7355
7355
7355
7355
7358
7358
7358
7358
7358
7358
7360
7360
7361
7361
7363
7363
7363
7363
7364
7364
7367
7367
7368
7368
7368
7368
7370
7370
7370
7371
7371
7371
7371
7371
7378
7378
7379
7379
7379
7379
7382
7382
7382
7382
7384
7384
7385
7385
7390
7390
7390
7390
7391
7391
7391
7391
7394
7394
7396
7396
7397
7397
7397
7397
7400
7400
7400
7401
7401
7401
7401
7401
7404
7404
7404
7406
7406
7409
7409
7411
7411
7413
7413
7413
7414
7414
7414
7414
7417
7417
7418
7418
7420
7420
7420
7421
7421
7423
7423
7426
7426
7426
7426
7428
7428
7428
7429
7429
7429
7429
7430
7430
7430
7430
7430
7435
7435
7435
7437
7437
7437
7437
7440
7440
7440
7441
7441
7441
7441
7441
7441
7441
7441
7441
7442
7442
7443
7443
7444
7444
7444
7444
7445
7445
7446
7446
7449
7449
7449
7452
7452
7452
7452
7452
7454
7454
7454
7454
7454
7454
7458
7458
7458
7459
7459
7465
7465
7465
7465
7465
7465
7465
7465
7465
7465
7465
7465
7465
7465
7465
7465
7465
7467
7467
7467
7468
7468
7471
7471
7471
7474
7474
7477
7477
7477
7478
7478
7482
7482
7482
7482
7482
7482
7483
7483
7483
7483
7484
7484
7486
7486
7486
7486
7487
7487
7487
7487
7487
7487
7487
7488
7488
7488
7488
7488
7488
7488
7492
7492
7492
7494
7494
7495
7495
7495
7495
7495
7496
7496
7496
7496
7497
7497
7497
7497
7498
7498
7500
7500
7501
7501
7501
7501
7501
7501
7502
7502
7502
7502
7503
7503
7507
7507
7507
7507
7507
7507
7508
7508
7511
7511
7512
7512
7512
7514
7514
7520
7520
7521
7521
7523
7523
7523
7524
7524
7525
7525
7527
7527
7527
7527
7528
7528
7528
7528
7529
7529
7532
7532
7532
7532
7532
7532
7533
7533
7535
7535
7538
7538
7538
7539
7539
7540
7540
7541
7541
7541
7541
7541
7541
7541
7541
7541
7541
7541
7541
7542
7542
7542
7543
7543
7543
7543
7544
7544
7545
7545
7545
7546
7546
7548
7548
7552
7552
7552
7552
7552
7552
7552
7552
7553
7553
7557
7557
7557
7557
7557
7557
7558
7558
7561
7561
7561
7561
7562
7562
7564
7564
7564
7564
7568
7568
7568
7568
7568
7568
7568
7569
7569
7570
7570
7570
7573
7573
7573
7574
7574
7574
7576
7576
7578
7578
7578
7579
7579
7580
7580
7583
7583
7585
7585
7586
7586
7594
7594
7596
7596
7597
7597
7597
7597
7599
7599
7599
7601
7601
7601
7601
7601
7604
7604
7604
7604
7606
7606
7606
7607
7607
7607
7607
7607
7608
7608
7608
7608
7609
7609
7612
7612
7612
7613
7613
7615
7615
7615
7617
7617
7618
7618
7618
7618
7619
7619
7619
7619
7621
7621
7622
7622
7624
7624
7624
7624
7624
7624
7624
7625
7625
7625
7625
7625
7626
7626
7626
7626
7626
7628
7628
7628
7628
7628
7628
7628
7628
7629
7629
7630
7630
7631
7631
7633
7633
7633
7634
7634
7635
7635
7635
7637
7637
7637
7637
7637
7638
7638
7638
7638
7643
7643
7643
7643
7643
7646
7646
7647
7647
7647
7648
7648
7649
7649
7649
7649
7650
7650
7650
7652
7652
7652
7652
7654
7654
7654
7654
7656
7656
7657
7657
7657
7657
7660
7660
7660
7660
7662
7662
7663
7663
7663
7663
7664
7664
7667
7667
7668
7668
7669
7669
7669
7669
7669
7669
7670
7670
7672
7672
7672
7672
7673
7673
7673
7673
7676
7676
7679
7679
7679
7680
7680
7681
7681
7681
7681
7681
7681
7681
7681
7682
7682
7683
7683
7683
7683
7683
7683
7683
7683
7683
7683
7684
7684
7684
7685
7685
7685
7688
7688
7690
7690
7690
7690
7690
7690
7690
7690
7690
7695
7695
7696
7696
7696
7696
7697
7697
7699
7699
7699
7700
7700
7700
7700
7700
7705
7705
7705
7706
7706
7707
7707
7707
7707
7707
7707
7707
7707
7707
7707
7707
7707
7709
7709
7709
7710
7710
7710
7710
7710
7713
7713
7713
7713
7713
7713
7713
7713
7713
7715
7715
7716
7716
7716
7716
7716
7717
7717
7717
7719
7719
7719
7719
7720
7720
7720
7720
7720
7720
7720
7720
7720
7720
7720
7720
7720
7720
7720
7720
7720
7720
7720
7720
7720
7720
7720
7720
7720
7720
7720
7720
7720
7720
7720
7720
7720
7720
7720
7720
7720
7720
7721
7721
7722
7722
7722
7722
7722
7722
7722
7722
7722
7722
7722
7722
7722
7722
7723
7723
7724
7724
7724
7724
7727
7727
7729
7729
7731
7731
7733
7733
7734
7734
7734
7734
7734
7737
7737
7737
7739
7739
7739
7739
7741
7741
7742
7742
7743
7743
7743
7743
7743
7743
7743
7747
7747
7747
7749
7749
7749
7749
7749
7750
7750
7751
7751
7751
7751
7751
7752
7752
7753
7753
7757
7757
7757
7757
7758
7758
7758
7758
7758
7759
7759
7760
7760
7760
7761
7761
7762
7762
7765
7765
7766
7766
7766
7766
7766
7766
7768
7768
7768
7768
7768
7768
7768
7770
7770
7771
7771
7772
7772
7772
7772
7772
7772
7775
7775
7779
7779
7781
7781
7781
7783
7783
7784
7784
7784
7784
7784
7784
7784
7784
7785
7785
7785
7785
7785
7785
7785
7785
7786
7786
7787
7787
7787
7787
7787
7787
7787
7787
7788
7788
7790
7790
7790
7790
7790
7790
7790
7790
7791
7791
7791
7791
7791
7791
7791
7791
7791
7791
7796
7796
7797
7797
7798
7798
7799
7799
7799
7800
7800
7800
7800
7800
7803
7803
7803
7803
7803
7803
7803
7803
7803
7803
7803
7803
7803
7803
7803
7803
7803
7803
7804
7804
7804
7805
7805
7806
7806
7806
7806
7806
7806
7806
7806
7807
7807
7807
7807
7808
7808
7808
7809
7809
7811
7811
7812
7812
7812
7813
7813
7816
7816
7817
7817
7818
7818
7819
7819
7821
7821
7822
7822
7825
7825
7831
7831
7836
7836
7836
7839
7839
7839
7839
7839
7839
7840
7840
7840
7840
7840
7842
7842
7842
7842
7843
7843
7845
7845
7847
7847
7847
7847
7847
7847
7851
7851
7852
7852
7854
7854
7854
7854
7855
7855
7855
7855
7857
7857
7859
7859
7863
7863
7864
7864
7864
7864
7864
7864
7866
7866
7869
7869
7869
7870
7870
7870
7870
7873
7873
7874
7874
7874
7876
7876
7876
7876
7876
7879
7879
7879
7880
7880
7880
7880
7880
7880
7881
7881
7882
7882
7886
7886
7892
7892
7892
7892
7892
7894
7894
7895
7895
7895
7895
7895
7895
7899
7899
7899
7899
7901
7901
7902
7902
7902
7902
7902
7902
7902
7902
7902
7902
7902
7902
7902
7902
7903
7903
7905
7905
7907
7907
7907
7908
7908
7912
7912
7914
7914
7919
7919
7919
7922
7922
7922
7922
7923
7923
7924
7924
7924
7927
7927
7933
7933
7934
7934
7935
7935
7938
7938
7941
7941
7941
7942
7942
7943
7943
7944
7944
7944
7944
7946
7946
7949
7949
7951
7951
7953
7953
7955
7955
7956
7956
7956
7957
7957
7957
7957
7957
7958
7958
7960
7960
7960
7960
7960
7960
7960
7960
7961
7961
7961
7961
7961
7961
7961
7961
7962
7962
7965
7965
7965
7966
7966
7966
7966
7966
7967
7967
7967
7968
7968
7968
7968
7969
7969
7970
7970
7971
7971
7973
7973
7976
7976
7977
7977
7977
7977
7977
7979
7979
7979
7979
7979
7979
7979
7981
7981
7981
7981
7981
7981
